25
-1   1   1  10   3   2  12   2   4   1   2  12  14  12   5   1  14  18  19   2   3  18  11   6  18  
19  -1   1  12   7   3  17   4   4   3   4  13   6   5   2   4   9  19   5  17  13  16   2  10  11  
17   9  -1   1   9  19   4   1   6  18  16  14   5  15  11   8  18  11   9   8  16  10  10  19  15  
 6   1  12  -1   1  18  17  11   8   5   8  13  10   4  16   7   9  14   3   1  15  17   8   1  12  
18   9   1  14  -1   1  18   7  10  11  12  11   3   7   5  10  11   6  17   4  15   2  19  19   7  
10   2   4   5  16  -1   1  12   5   5  10  10   2   5   6   5  11  16  13  18  18  19  19   9  10  
 2   3  13  17   1   9  -1   1  13   5  15  14   8   1   7  19   2  12  10   9  13  11  14  18   2  
10  11  17   8   8  16  13  -1   1  17  15  13   8   9  13  13   2  14   9  15   3   6  19   2   4  
11   8  12   1  18   6  15  17  -1   1  12   4  14  17  11   7  10   5   2  19   9   7  10  19   8  
 4   5   1   6   7  19   8   7   7  -1   1  15  19   7  11   2  19   8  11  19  18   8  10   2  14  
11   1  14  17   7   4  16  15   7  17  -1   1  15  13   4  11  17  10  17   9   6   1  16   5  19  
 4  15  18  18  19   5  17  13  13  17   7  -1   1   7   4  10  19  15  14  16   7   4  16  17  17  
 3  11   6   6  12   3  10   8   3   2   4  18  -1   1  17   5  15  10  17  12  17   4  12   4   3  
 5  14  15   8  17  11   6  14  14  13  17  19   5  -1   1  16   6  10  15   4  13  13   1  17   5  
10  12  16   4  12   6   5  12   7  15   7  14  13  15  -1   1  16   4   9  10   1   5  11  13   7  
 1   9  10  13  18   7   8   4  13  16  16  17   8   2  18  -1   1  19   8  13   7  19   3  18  15  
 7   4   2   4   8  13  14  11  13   3   1   4   1   4   8   4  -1   1  16   4   1  10  11  18   8  
 8   4  18  11   3  17   9  14   4  12  16   5  16   6  18   7  15  -1   1  17   4  15  17   7   3  
18   3   3  15  13  11  13  17  18  13  15   9  12  13  14   7  13   6  -1   1  19  14   2   5   9  
 5  16   6   8  12   1  14  14  18  16  14  10   9   5   3   7   3  13  18  -1   1   8   5   8   2  
 8   2   4   7  12   2   8   2   6   5   7  13  16   4   7   7   2   3  17   8  -1   1   9   2  11  
12   1   1  10   8   5  18   6  13  16   9  19   8  10   5   6  15   6  10   5   2  -1   1  13  11  
 5  12  11   3  19  16   1  10   8   2  10  14   6  12   9  12   5   2  17   1   7   8  -1   1   2  
12  19   7   2   5   5  15  12  10   7  19   9   6  15   9  13   3  10  19  14  16  11  19  -1   1  
 1   5  12   2   2  10   8   6  11  19   3  18  18   4   3  13  15   9  16  15  17   2  10   4  -1  

