50
-1   1  19  17   8   9   8   8  10   8   3  15   8   1  12  17   6  15  10  14   3   1  18  18  15  10   3   4   4   1  19  14  14  15   8   2   4  15   7  11   3   9   3   7   9  14   1  12   7   8  
 3  -1   1   6   8   2   4   3  11   7   7  11   4   3   6  17  17  13  16  18   6   3   6   8  11   8  12  17  18   9   6   5  16   8  10   4   6  11   4  14  14   7   5  17   6   7  12  19  17   8  
14   3  -1   1  10  19   7  17   4  15  11  19   5  16   1   1   2   8   2   4  18   5  17   9   8   3   6  13   9  17  12   3   2   7   5  11   3  12   9   4   7  16   3   8  10  19   9   8   7   7  
11   2   8  -1   1   9  10  15   8  13   5  16  10  13  16  12  16   1  19  19   9   5   3  13   2   2   1   8   1   6  15   5  12   6   6  19  14  13  11   2   6  15  15  12   9  11   1   2   8   1  
 1  17   2  19  -1   1  10   3  17   7   7  15  13   2  19   5   8   2   2  18  14   9  17  16   5   9   9  10  19   9  11   4   6   9   1   8   5   7   7   3  14  14  17   4  12  13   5  16  11   6  
15   3  15  12  18  -1   1  16   1   7   3  16  13  13  19  15  18  17   3   4   1   7   6  14  17  19  17   9   9   3   6  19   5  17   2  16   6   1  12   3   4  14  18  16   5  14  12   3   8  11  
 6   9  17   8  19  14  -1   1   7  14   1  15  13   3  15  17  19  13  11   5  13   3   7  14  14   2  10  15  12  18  17   1   7   1   6   1   8   5  15  12  18  12   4   8  14  15   6  13   9  13  
14  18  15  17  12   6  15  -1   1  19   1   7  17  15   4   1  12   6   2  16  11  13   8   6   5  12  14  15   7  16   5  12   9  18  11   1  15   3   4   7   2   1  13  16  15  14  16   4  19  14  
 1   7   7   8  10  11  16   4  -1   1   3   1  16   7  12   2   5   3  18  16   3   2   3   1   3  13  16  14   4  10  15   3   4  15   7   8   3  16  15  16  16  18  16  12   5   8  10   7   8   8  
19  10  10   3  10   9  12   4  19  -1   1  15  13  14  14  13   9   1  17   9  16  13   5  12  11  17   1  12   5  10  18   9  18  18  18   5  17   9  13   6  12  12   1   2   4  14  11  12  12   6  
17   8  18  18  17   6  15  17  14  17  -1   1   8  13   6   6   8   2   7   2  10  19   7  18   8   7  16  11  17   4   1   9   9  17  14   4  16  11   6   8   8   1   5  15  10   8  17  14   9   4  
15  15  19  18  10   8   2   6  15  18   6  -1   1  12   5  12   7  18  12   3   9  18   7  16  15   9   9   2  16   6  15   2   7   7  16   6   5   6  10   6   8   3   1  10  14   5   2   1   3  11  
19   8   6   4   5   1  12  10  18   8  12  10  -1   1   6  18  16   2   2  17   4   8  19  11  10  16   1   2   2  19   2   1  10  18   6  15   2  10  12  13  16  10  17   8  19   3   7  12   1   5  
 9   4  12   5  11  19   1   8   1   2   7  18  19  -1   1  16  16   5   8  17  11  19   7   7   9   1  14   8  19  17  19  19  18   5  19  11   9  10  10  10  18  10   8   2   8   4  18   2   8   3  
15  15   3  19   2  11  19  13  16  19   7  12  15   6  -1   1  17  15  16   3   2   3   9  16   9  17  18  13   1  13  14   6  15   7   1  17   6  19   6   5  12  18   1  18  10  16   4   4   8  16  
 4   6  18  12   3   7   6  17  17   4  10  11   6   2  17  -1   1   6  16   3   5   2   5  13  19   5   9   6  17   9   7   2   6  10   5   1  18   4   5   5   1   2   5   7   9  10   5   4  15   1  
 6  17   2   7   7  17   9  15   1   3   2   4   2   4  13   6  -1   1   4   8   9   5  12   6   3  13   9  12   3  13  15  15  14  17   9  12   2  15   7  10   8   4  12   9   7  10  12  16  15  12  
 4   1  17  13   3  16   6  11   8   9   2  19   1  12  14   9   4  -1   1  15   4   7   5  11  10  13  16  13   4   8   9  15   1  13  16  14   6  15  10   8   7  15  16   5  11  16  16   5   2  16  
19   6   4   1  13  10  11  10   4  11  14  12   6  11   2  18   5   4  -1   1  14  12  12  17   4   5   2  14  18  14  16  19  10  12   2  13  10  15   1   1   5   1  11  15   9  13   7  11  12  11  
14   3  19   3  19  19   5  17  14   3  11   7  18   1  18   1  11   8  15  -1   1   8   5  16   8  12  11  16   6  17   7  17   6  18  19   2  17  15   2   2  12  12   1   3  18  19  19  13  19   7  
18  14  14   3   7   2  15  17  18  17  12   2  14  17  16  10  15  14   5  16  -1   1  12  13   5  13  12  19  12   8  13  11  15   8   2   9  10   8   8   2   2   3  18  10   4   9   4  17  18  19  
11  19  12  19   9  17  12   1  16   1   9   6  11   1  13   9   9   1  13  13   2  -1   1  12  15  17   2  19   6   6  16   2   5   4   1  13   3   7  10  12   7   4  12  12   6   1  12  19   9  18  
19  19  11  17  11   7  14  12   3   1  14  15   2  15  18  18   9  17   5  15   6   9  -1   1  15  15   1   2  15  10  17   1   8  13  19  15  10  10   2   2  19   1  18  13  15  16   6  10  14  14  
 5  16   6  10   2   2   5   2  19  16   8  16  17  12   9  16   8  15   4   6  13  19   7  -1   1  11   9   2   7  14   9  18   8  13  11  11   3  12  12   5  13  11   1  18   4  14  10  12  11  14  
 4  11   1  17  10   4   8  18   2  12  13  10  10  17   3   1   8   3  12  16   4   2   4   1  -1   1  16   7  15   7  18   6  17  19  13  17  16   3  17   4  17  19  12   7   9   2   5   9  18   9  
 8   7   3  11   6   6  11   2  13   6   5   8   8   3   7   1  16  19  19  14   1  17  10  12   4  -1   1  15  11   5   4   9  11   8  13  13  18  18  15   7  16   5   9   2  10  14   4  13  11  16
13   8   7  13   5  16   2   5  12  12   7  12  18  14   1   8   7  15   6  18  18   2   4   5  19  13  -1   1  18  19   6   6  16  15  13   3   5  14  16   7  19   8  15   3  16  10  16  13  17  19  
 6  19  14   4  18  17   5  17   7   3  17  10   6  10   5  18  12   7  13   5  10   9   9   5   8   6  12  -1   1   4  15   9  19   1   9  13   2   4  11   6   1  14   6  14   1  11   4   3   9  13  
 9  18  17  18   7   7  19  14   9  11  14   4   1  13   5   6   4   6   9  11   8   6   5  13   1   6   4   1  -1   1   8  10  13  13   5   8  11   9  14  10  19   3   2  14   6  18   4   7   1   4  
 9   6  14  17   8  16  10   8   2  11   6   6  17  18  18   2   6   6  10  16  12  10  15  10   1  18   5   1   5  -1   1   5   5  14   7  18  11  15  14  17   3  12   8   5  14   5   4   9   7   6  
14  13  19   4   3  14  13   3  12  18   4  14   3   5   5  10   3  12   5  17   9   4   6  14   9   1  18   9   9   2  -1   1  11   1  15  10   4  14   5  16  17  13  14  17   4  14   2   8   1   1  
19   2  14   6   2   1  19  10   1  17  15   6  16   7   6  11  16   9   5  17   3  18   8  16  12  11   7  10  16   7  11  -1   1  15   5   2   1   7   2  16  13  18  14   9   5   7  12   7  17   5  
13  18   3  15  14   7   8   6  14  15  13  10  18   1   6   1   2   3   7   1  19  19  18  10   5  19  13  16   4  10   2  16  -1   1   5   1  11  18   4  15   2  17   7  14   8   6  14  10   3  12  
 9   9  12   5   5   8  11  10   7   4   3  10  10   1   3  15  17  10  13  17   6  11  15  12   5  19  14  15   9  16   8  14   5  -1   1  16  19   7   4  10  13  11  11  12  17   1  13   1  15   7  
 7   6   5  12  16  19   5  18  15  18  13   4  12  17  14  13  14  13  19  17   1  12   5  11   5  19  11  14  16   4   1   3   9   2  -1   1  15   2  17  16  19  12  11  13  12   3   7   7  16   1  
16  15  15  16   5  16   4   6  15  15  19  11  15  16  14   4  15   6   2  12   2   2   2  12  14  13  15  17  19  11  18  16   3  10   9  -1   1   4   6  13   9   2   5   5   9  19   2   3  19  16  
 8   1   5   6  18   6  18   9  16  10   7  15  17   2   8  19  11  14   1  16   4   9  14   8  14   4   4  12   3  19   8   8  19   9  13  18  -1   1  15   8   7  11  17  10   3  11  11   8   8   2  
18   8  15   2  16   9   9  10  12   9   2  15   8   6  19   4  12  12  18   4   1   6  11  14  15  10   6   4  14  10   5  12  17  19  13  13   9  -1   1  18   1  17   7  18   9  14   2   8  15  13  
17  13  16  17  18   7   8  11  16  10  14  11  19  15  19  13  15  13   7   1   8   4  14  15   2   1   6  19   8   1  12   5  11   8  18   9  11   4  -1   1  16   5  13   7  12  10  19  11   3  11  
 1   6  11   9   6   2   1   8   2   3   4   7   4  16  11  14   1   7  19  12   7  13  13  19  16   5   6  15  15   6   3  16  11  10   2  17  12   2   2  -1   1  10   4   5  16   4  17   5  14  18  
11  11   7  17   1  19  13  16   1  16   9  15   2  11   8   9   2   9   3  10   7   1  19  11   3  16  14  19   1   6  14   8  16   1   2  16  16  11   9  16  -1   1   7  17   9   8   6  16  14   4  
 3  16  13   6  14  12  16  16   5   8  15   5  13  10   9   9   7  10   2   4   2  10  16   5   5   5  10  10  18   4  10  17  16   3   3  10  11  19   6  13   4  -1   1  18  14  16   5   4   2  11  
10   3  11  11   9   8  13  13   9   3  19   7   6   9   4   2   8   4  12  16  19  14   9   3  12  19  15  16   3  16   5  13  15  15   1   4  19  13  14   9  15  13  -1   1  12  17  19  13  19   4  
16   8  19  15  18   5  17  11   5  12   4   4   5   8  13  16   1  14  19  16   4  10   2  16   4  14  13  19   7   9   3  19  13  19  14  12   1   8  19   2  16   3   3  -1   1  17  11  15  13   8  
 6   9   4  10  19   3   3  19  16  15  15  19   2  14  15  11  10   6   3  11  13   2   9   6   5  11  19  12   7  12  16  12  17  16  18  13  18   1   9  11  13   4  10  11  -1   1  15   5   2   5  
10   5  12  19   3   2   2   4   9   1  12  12   9   8   2   7   5  19  16  19  17   6  11   7   6   1  17  17   3  18   3   9  19  14   9   3  12  10   3  18   8  15  10  16   3  -1   1  11  19   4  
 8  16   4   5  18  14   8   1  11   5  18  13  19  17  19  19   8   8  18   1  14   1  18  18  12   5  15  15  16  11  18   4   4  18   5   2  12  12  19   1  13  14  10   9  11   9  -1   1   5  18  
13   3  15   5   1  10   3  12  15  14   4   8   6  19   8   9  17  12   8   7   1   7   7  10   1  16  18   8   6   4   6  18   3   2   3  19  11   3   9   6  16  12  13   2  11   1   8  -1   1   6  
 9  15  12   6  18  18  12  15  11  11   3  16  11   5  12  13   6  11  13  14  13  18  19  10  10  10   8  18   7  15   4  13   7  12  15   5   7   8  16  17  18  15  14   9   1   3  18   3  -1   1  
 1  13   8  16   4   6  13  13  13  19   1   8   3  16   8  15  19  19   8   5   6  15  17  19  10  10  13  15  10  12  13   9   3  18   3   6   4  15  18  13  11  15   1  13   8   8   6   8   4  -1  

